Webots Project File version R2021a
perspectives: 000000ff00000000fd000000030000000000000320000006acfc0100000002fb0000001e00480074006d006c0052006f0062006f007400570069006e0064006f00770000000000000003200000000000000000fb0000001a0044006f00630075006d0065006e0074006100740069006f006e0000000000ffffffff0000006900ffffff00000001000004d5000004ccfc0200000001fb0000001400540065007800740045006400690074006f00720100000026000004cc0000009400ffffff0000000300000ab1000001defc0100000002fb0000000e0043006f006e0073006f006c006501000000000000055f0000000000000000fb0000001a0043006f006e0073006f006c00650041006c006c0041006c006c010000000000000ab10000006900ffffff000005da000004cc00000001000000020000000100000008fc00000000
simulationViewPerspectives: 000000ff0000000100000002000001fe000007930100000002010000000100
sceneTreePerspectives: 000000ff0000000100000002000000c0000000fa0100000002010000000200
maximizedDockId: -1
centralWidgetVisible: 1
orthographicViewHeight: 1
textFiles: 1 "../../../AppData/Local/Programs/Webots/projects/robots/dji/mavic/controllers/mavic2pro/mavic2pro.c" "controllers/my_controller/my_controller.c"
consoles: Console:All:All
renderingDevicePerspectives: e-puck:camera;1;1;0.0882353;0.0773196
